#Hokkaido 
6841 4 4
6641 4 4
6643 4 4
6645 4 4
6440 4 4 
6442 4 4
6444 4 2
6339 4 4
6341 2 4
#Tohoku
6240 4 4
6040 4 4
5839 4 4
5840 4 4
#Sado
5738 2 4
#kanto
5639 4 4
5538 4 4
5338 4 4
5340 2 4
5339 4 4
5139 2 4
4939 2 2
4839 2 2
4739 2 4
4540 2 2
4440 2 2
5440 2 2
#chubu
5636 4 4
5436 4 4
5236 4 4
#
5334 4 4
5135 4 4
5433 2 2
5332 4 4
5132 4 4
5134 2 4
4932 4 2
#
5130 4 4
4930 4 4
4730 4 4
4530 4 2
5129 2 2
5029 2 2
4928 4 4
4729 2 4
4429 2 4
4229 2 2
4128 2 2
4027 4 4
3926 2 2
3831 2 2
3725 2 2
3623 4 2
3823 2 2
